$ANSIBLE_VAULT;1.1;AES256
62333035633565303736636362313739366165356331363730376438326537333633623632326435
3766336431373136346633363466643231353938356636320a303162653062623936666231313037
30386562323936353137373232323966623530373165393633316436343833303632346131313535
3436616636303335320a343737333165636635643839653435636162626531343233323337613539
65363631623030616464623333306237616439363365353330613362363831663162623665373933
32333633646639373061653966393630613831313531626266323363653435336430626666373361
33363561303164636638306230396264626565316632393939373531663465356131613763653531
64373563346634653237386335393363396331343937393133623763303234343437623763636437
32363336333434383230316132346636333436386537306664303864656537383939653239373963
63383639313161326633653131633061633831366237633162373632656363666461333036303333
39353135343836316234303233323564343333643461353537303031663962336662333463313666
61323533313230306635333966663534336330346131643037343761333239366238396463636430
32623135373939383938333033323561643739313539313231643737613561373337353531303937
36643436383164626662383732376134343936626263313061626666633536646162323930373364
64316365613765343561363165323439306230656435626337633935366638636136303864393962
32343331363633626338396264643836336163353332663337636361346166303932313036623339
31386133646332663164333635636330306666396532336334326533363636613034383338613561
65396435396364316335616439646565353039343230313432633331663338356162363666643365
64326137373362353464363035393039343734633332633737633461333936313334633432623261
66356533353563666234333931383333343564353532623239333963313835356263373936616539
35356166396238643763323339646561366330626333636332633237643630663761623536636636
37383164383465636530643934373134313662346531646333336432336261376262313537303435
38666265343335333361663537656466376338313234613163333336663765326432663630636662
30336634633662366666386562613564646136646233306535643836653836326362353865363231
3730
