$ANSIBLE_VAULT;1.1;AES256
39643565396464323766633063306661623432313434333238313333396437653364626634343234
3361633539313262623364633538623834376638363339630a333562313331333233656431373763
32376332646361323361633032333439376139623464626564336365353463383135373865313762
3030656235363736650a613933636161656566393137383330623838636438656635303761393365
35663234633735383037666532376537343665663836643531343536336235343130656630613166
32616636303137393561663530343636383832623264383439643732653539333839633434393164
34613965333235636530636332653664313837363032393261313466636433626263653530623762
62333263353234336537353930353231663339336132323564383038613837373132623266343562
65396463323337633535636332306237643639633361313066396337376235336535636661616230
38643931636466323165333761373362356233383834663264313339653236386632353539633761
35643037623639303235636464643438613962373339333337333130346436303064336564336662
36316438623938373037383832356562663334396161656136333734316538303466313833613636
62343332653337393634343832646531396535316332613230386365646537383664646461656665
62353333383835316436326365666564346435346535636133366462333531316365643864376463
30616664613230616631316161383164366162383665303535643932343533636461636161643135
32383933663530396263
